[[-0.6215845788133103, -0.28156763080755776, -0.0015755263038152332, 0.0017380999010306467, -0.19014279612372645, -0.6151497103909557, -0.2857398723295858, 0.001309861433729037, -0.0003362356068983906, 0.19527986287988286], [-0.012011921762638792, -0.7060033580790825, 0.0015838092559682135, -0.00154509498337026, 0.05886192373695052, 0.009852899770802209, 0.7029600488524038, -4.6503058483649223e-05, -0.001490606515918801, 0.06077183799720326], [0.23702206601175807, -0.640733885264602, -0.002701231268907519, 0.0010761843273442194, 0.17597918414209973, 0.2411228885834316, -0.642167562865001, 0.0036837771825355744, -0.004101055444837192, -0.17819563787580917], [-0.5043450183238327, 0.05224278530526694, 0.0024892402590232835, -2.1011485379039284e-05, 0.4941314905755543, 0.5092913514033964, -0.04676803094731521, 0.0032893443870255106, 0.0007281698948597225, 0.48698910438287335], [-0.0013814368679624582, 0.002323231986607902, -0.13046347797363497, -0.701684074486481, -0.0005143042217038516, -0.0003000053696522086, -0.0005017943819568218, -0.12823845167381465, -0.6885949743579125, 0.0016398914788762968], [0.002674431721561466, 0.0014388080212713774, 0.6939881218370576, -0.13359314451331752, -0.0014288992675039508, -0.0034748737465373244, -0.00038202412248038343, 0.6963311511377385, -0.12503053902539554, -0.0004068877875956155], [0.24454268764228887, -0.08876205856725931, 0.001098729287466471, 0.0012524080165454742, -0.654307814937466, 0.24722083603814649, -0.09065398398556204, -0.0013838100820011444, 7.672410015743008e-07, 0.6594395172755978], [0.0021584083697641443, -0.002267782410248117, -0.1314707825895088, -0.6879780354930664, 0.0008338784986192694, -0.00155180856604025, -0.0021616124156194757, 0.12519200890190224, 0.7026434524577958, 0.0017938881058986054], [-0.0008100802399036563, -0.002942218966778321, 0.6957401731918789, -0.128311733444761, 0.001642304661104078, -0.00032532509441995976, -0.0046082870178201845, -0.694962712350694, 0.12834858669510357, -0.0013516694020860134], [0.49308160160732545, 0.03331271849851206, -0.001059003284758466, 0.0025529670570445377, 0.5070719597042983, -0.4927910365362739, -0.03726950675650871, -0.0018957811286062706, -0.0018603122557856607, 0.5043729859175048]]