{"coordinates": [[[0.0, 0.0, 0.0], [0.0, 0.0, 0.30000000000000004]]], "HF": [-0.61185005443], "elements": [["H", "H"]], "S": [[[1.0, 0.68486, 0.0, 0.0, 0.0, 0.904539, 0.663639, -0.385485, 0.0, 0.0], [0.68486, 1.0, 0.0, 0.0, 0.0, 0.663639, 0.980586, -0.078939, 0.0, 0.0], [0.0, 0.0, 1.0, 0.0, 0.0, 0.385485, 0.078939, 0.681847, 0.0, 0.0], [0.0, 0.0, 0.0, 1.0, 0.0, 0.0, 0.0, 0.0, 0.889739, 0.0], [0.0, 0.0, 0.0, 0.0, 1.0, 0.0, 0.0, 0.0, 0.0, 0.889739], [0.904539, 0.663639, 0.385485, 0.0, 0.0, 1.0, 0.68486, -0.0, 0.0, 0.0], [0.663639, 0.980586, 0.078939, 0.0, 0.0, 0.68486, 1.0, -0.0, 0.0, 0.0], [-0.385485, -0.078939, 0.681847, 0.0, 0.0, -0.0, -0.0, 1.0, 0.0, 0.0], [0.0, 0.0, 0.0, 0.889739, 0.0, 0.0, 0.0, 0.0, 1.0, 0.0], [0.0, 0.0, 0.0, 0.0, 0.889739, 0.0, 0.0, 0.0, 0.0, 1.0]]], "h": [[[-1.073900123789033, -0.8509720427181573, -0.372589, 0.0, -0.0, -1.172393957653008, -0.8467748867322301, 0.11897316753381543, 0.0, -0.0], [-0.8509720427181573, -0.6622171237890331, -0.199751, 0.0, -0.0, -0.8467748867322301, -0.6591840630797927, 0.21343079305278245, 0.0, -0.0], [-0.372589, -0.199751, 0.802490876210967, 0.0, -0.0, -0.11897316753381543, -0.21343079305278245, 0.5217533413818192, 0.0, -0.0], [0.0, 0.0, 0.0, 1.007334876210967, 0.0, 0.0, 0.0, 0.0, 0.7982919333790695, 0.0], [-0.0, -0.0, -0.0, 0.0, 1.007334876210967, -0.0, -0.0, -0.0, 0.0, 0.7982919333790695], [-1.172393957653008, -0.8467748867322301, -0.11897316753381543, 0.0, -0.0, -1.073900123789033, -0.8509720427181573, 0.372589, 0.0, -0.0], [-0.8467748867322301, -0.6591840630797927, -0.21343079305278245, 0.0, -0.0, -0.8509720427181573, -0.6622171237890331, 0.199751, 0.0, -0.0], [0.11897316753381543, 0.21343079305278245, 0.5217533413818192, 0.0, -0.0, 0.372589, 0.199751, 0.802490876210967, -0.0, 0.0], [0.0, 0.0, 0.0, 0.7982919333790695, 0.0, 0.0, 0.0, -0.0, 1.007334876210967, 0.0], [-0.0, -0.0, -0.0, 0.0, 0.7982919333790695, -0.0, -0.0, 0.0, 0.0, 1.007334876210967]]], "energy": [-0.69285975], "Enn": [1.7639240277]}