{"coordinates": [[[10.0, 10.0, 10.0], [10.0, 10.0, 11.08], [10.0, 11.0248334281997, 9.63766666666666], [9.11246821653156, 9.48758328590014, 9.63766666666666], [10.88753178346843, 9.48758328590014, 9.63766666666666]]],
"elements": [["C", "H", "H", "H", "H"]], 
"Enn": [13.472469379],
"energy": [-40.43808838],
"S": [[[1.0, -0.2157, 0.19014, -0.0, -0.0, -0.0, 0.0, 0.0, 0.0, -0.0, 0.0, 0.0, -0.0, 0.0, 0.057501, 0.096401, -0.106085, 0.0, 0.0, 0.057501, 0.096401, 0.035362, 0.0, -0.100018, 0.057501, 0.096401, 0.035362, 0.086618, 0.050009, 0.057501, 0.096401, 0.035362, -0.086618, 0.050009], [-0.2157, 1.0, 0.718332, 0.0, 0.0, 0.0, -0.0, -0.0, -0.0, 0.0, 0.0, 0.0, -0.0, 0.0, 0.315985, 0.432566, -0.359208, 0.0, 0.0, 0.315985, 0.432566, 0.119736, 0.0, -0.338664, 0.315985, 0.432566, 0.119736, 0.293292, 0.169332, 0.315985, 0.432566, 0.119736, -0.293292, 0.169332], [0.19014, 0.718332, 1.0, 0.0, 0.0, 0.0, -0.0, -0.0, -0.0, 0.0, 0.0, 0.0, -0.0, 0.0, 0.460483, 0.736942, -0.244508, 0.0, 0.0, 0.460483, 0.736942, 0.081503, 0.0, -0.230524, 0.460483, 0.736942, 0.081503, 0.19964, 0.115262, 0.460483, 0.736942, 0.081503, -0.19964, 0.115262], [-0.0, 0.0, 0.0, 1.0, 0.0, 0.0, 0.530759, 0.0, 0.0, -0.0, -0.0, -0.0, 0.0, -0.0, 0.395707, 0.209152, -0.412204, -0.0, -0.0, -0.131902, -0.069717, 0.153157, 0.0, 0.199885, -0.131902, -0.069717, 0.153157, -0.173106, -0.099943, -0.131902, -0.069717, 0.153157, 0.173106, -0.099943], [-0.0, 0.0, 0.0, 0.0, 1.0, 0.0, 0.0, 0.530759, 0.0, 0.0, -0.0, -0.0, -0.0, -0.0, 0.0, 0.0, 0.0, 0.223827, 0.0, 0.0, 0.0, -0.0, 0.223827, 0.0, -0.323093, -0.170772, -0.173106, -0.200193, -0.244808, 0.323093, 0.170772, 0.173106, -0.200193, 0.244808], [-0.0, 0.0, 0.0, 0.0, 0.0, 1.0, 0.0, 0.0, 0.530759, 0.0, -0.0, -0.0, 0.0, -0.0, 0.0, 0.0, 0.0, 0.0, 0.223827, 0.373076, 0.19719, 0.199885, -0.0, -0.341534, -0.186538, -0.098595, -0.099943, -0.244808, 0.082487, -0.186538, -0.098595, -0.099943, 0.244808, 0.082487], [0.0, -0.0, -0.0, 0.530759, 0.0, 0.0, 1.0, 0.0, 0.0, 0.0, 0.0, 0.0, 0.0, 0.0, 0.563853, 0.531455, -0.017308, 0.0, 0.0, -0.187951, -0.177152, 0.258078, 0.0, 0.097363, -0.187951, -0.177152, 0.258078, -0.084319, -0.048682, -0.187951, -0.177152, 0.258078, 0.084319, -0.048682], [0.0, -0.0, -0.0, 0.0, 0.530759, 0.0, 0.0, 1.0, 0.0, 0.0, 0.0, 0.0, 0.0, 0.0, -0.0, 0.0, 0.0, 0.292501, 0.0, -0.0, 0.0, 0.0, 0.292501, 0.0, -0.460384, -0.433931, -0.084319, 0.085962, -0.119245, 0.460384, 0.433931, 0.084319, 0.085962, 0.119245], [0.0, -0.0, -0.0, 0.0, 0.0, 0.530759, 0.0, 0.0, 1.0, 0.0, 0.0, 0.0, 0.0, 0.0, -0.0, 0.0, 0.0, 0.0, 0.292501, 0.531605, 0.501061, 0.097363, 0.0, 0.017116, -0.265803, -0.25053, -0.048682, -0.119245, 0.223655, -0.265803, -0.25053, -0.048682, 0.119245, 0.223655], [-0.0, 0.0, 0.0, -0.0, 0.0, 0.0, 0.0, 0.0, 0.0, 1.0, 0.0, 0.0, 0.0, 0.0, 0.404872, 0.078462, -0.16753, 0.0, 0.0, -0.134957, -0.026154, -0.250438, 0.0, -0.029312, -0.134957, -0.026154, -0.250438, 0.025385, 0.014656, -0.134957, -0.026154, -0.250438, -0.025385, 0.014656], [0.0, 0.0, 0.0, -0.0, -0.0, -0.0, 0.0, 0.0, 0.0, 0.0, 1.0, 0.0, 0.0, 0.0, 0.0, 0.0, 0.0, 0.451721, 0.0, -0.0, 0.0, 0.0, -0.150574, 0.0, 0.190859, 0.036987, -0.260542, 0.114673, 0.15314, -0.190859, -0.036987, 0.260542, 0.114673, -0.15314], [0.0, 0.0, 0.0, -0.0, -0.0, -0.0, 0.0, 0.0, 0.0, 0.0, 0.0, 1.0, 0.0, 0.0, 0.0, 0.0, 0.0, 0.0, 0.451721, -0.220385, -0.042709, 0.300848, 0.0, 0.203089, 0.110192, 0.021355, -0.150424, 0.15314, -0.062158, 0.110192, 0.021355, -0.150424, -0.15314, -0.062158], [-0.0, -0.0, -0.0, 0.0, -0.0, 0.0, 0.0, 0.0, 0.0, 0.0, 0.0, 0.0, 1.0, 0.0, -0.0, -0.0, 0.0, 0.0, 0.0, -0.311671, -0.0604, -0.176831, 0.0, 0.074268, 0.155835, 0.0302, 0.088416, -0.152255, 0.337982, 0.155835, 0.0302, 0.088416, 0.152255, 0.337982], [0.0, 0.0, 0.0, -0.0, -0.0, -0.0, 0.0, 0.0, 0.0, 0.0, 0.0, 0.0, 0.0, 1.0, 0.0, 0.0, 0.0, 0.0, 0.0, 0.0, 0.0, 0.0, 0.425886, 0.0, 0.269915, 0.052308, 0.15314, 0.162173, -0.152255, -0.269915, -0.052308, -0.15314, 0.162173, 0.152255], [0.057501, 0.315985, 0.460483, 0.395707, 0.0, 0.0, 0.563853, -0.0, -0.0, 0.404872, 0.0, 0.0, -0.0, 0.0, 1.0, 0.68486, -0.0, -0.0, -0.0, 0.058795, 0.22802, 0.063588, -0.0, -0.044963, 0.058795, 0.22802, 0.063588, 0.038939, 0.022482, 0.058795, 0.22802, 0.063588, -0.038939, 0.022482], [0.096401, 0.432566, 0.736942, 0.209152, 0.0, 0.0, 0.531455, 0.0, 0.0, 0.078462, 0.0, 0.0, -0.0, 0.0, 0.68486, 1.0, 0.0, -0.0, -0.0, 0.22802, 0.503402, 0.121736, -0.0, -0.086081, 0.22802, 0.503402, 0.121736, 0.074548, 0.04304, 0.22802, 0.503402, 0.121736, -0.074548, 0.04304], [-0.106085, -0.359208, -0.244508, -0.412204, 0.0, 0.0, -0.017308, 0.0, 0.0, -0.16753, 0.0, 0.0, 0.0, 0.0, -0.0, 0.0, 1.0, 0.0, 0.0, -0.063588, -0.121736, -0.074542, 0.0, 0.064545, -0.063588, -0.121736, -0.074542, -0.055898, -0.032272, -0.063588, -0.121736, -0.074542, 0.055898, -0.032272], [0.0, 0.0, 0.0, -0.0, 0.223827, 0.0, 0.0, 0.292501, 0.0, 0.0, 0.451721, 0.0, 0.0, 0.0, -0.0, -0.0, 0.0, 1.0, 0.0, -0.0, -0.0, 0.0, 0.016738, 0.0, -0.038939, -0.074548, -0.055898, -0.017492, -0.019763, 0.038939, 0.074548, 0.055898, -0.017492, 0.019763], [0.0, 0.0, 0.0, -0.0, 0.0, 0.223827, 0.0, 0.0, 0.292501, 0.0, 0.0, 0.451721, 0.0, 0.0, -0.0, -0.0, 0.0, 0.0, 1.0, 0.044963, 0.086081, 0.064545, 0.0, -0.028902, -0.022482, -0.04304, -0.032272, -0.019763, 0.005328, -0.022482, -0.04304, -0.032272, 0.019763, 0.005328], [0.057501, 0.315985, 0.460483, -0.131902, 0.0, 0.373076, -0.187951, -0.0, 0.531605, -0.134957, -0.0, -0.220385, -0.311671, 0.0, 0.058795, 0.22802, -0.063588, -0.0, 0.044963, 1.0, 0.68486, -0.0, -0.0, -0.0, 0.058795, 0.22802, -0.0, 0.038939, 0.067445, 0.058795, 0.22802, -0.0, -0.038939, 0.067445], [0.096401, 0.432566, 0.736942, -0.069717, 0.0, 0.19719, -0.177152, 0.0, 0.501061, -0.026154, 0.0, -0.042709, -0.0604, 0.0, 0.22802, 0.503402, -0.121736, -0.0, 0.086081, 0.68486, 1.0, 0.0, -0.0, 0.0, 0.22802, 0.503402, 0.0, 0.074548, 0.129121, 0.22802, 0.503402, 0.0, -0.074548, 0.129121], [0.035362, 0.119736, 0.081503, 0.153157, -0.0, 0.199885, 0.258078, 0.0, 0.097363, -0.250438, 0.0, 0.300848, -0.176831, 0.0, 0.063588, 0.121736, -0.074542, 0.0, 0.064545, -0.0, 0.0, 1.0, 0.0, 0.0, -0.0, 0.0, 0.016738, 0.0, 0.0, -0.0, 0.0, 0.016738, 0.0, 0.0], [0.0, 0.0, 0.0, 0.0, 0.223827, -0.0, 0.0, 0.292501, 0.0, 0.0, -0.150574, 0.0, 0.0, 0.425886, -0.0, -0.0, 0.0, 0.016738, 0.0, -0.0, -0.0, 0.0, 1.0, 0.0, -0.038939, -0.074548, 0.0, -0.017492, -0.059288, 0.038939, 0.074548, 0.0, -0.017492, 0.059288], [-0.100018, -0.338664, -0.230524, 0.199885, 0.0, -0.341534, 0.097363, 0.0, 0.017116, -0.029312, 0.0, 0.203089, 0.074268, 0.0, -0.044963, -0.086081, 0.064545, 0.0, -0.028902, -0.0, 0.0, 0.0, 0.0, 1.0, -0.067445, -0.129121, 0.0, -0.059288, -0.085952, -0.067445, -0.129121, 0.0, 0.059288, -0.085952], [0.057501, 0.315985, 0.460483, -0.131902, -0.323093, -0.186538, -0.187951, -0.460384, -0.265803, -0.134957, 0.190859, 0.110192, 0.155835, 0.269915, 0.058795, 0.22802, -0.063588, -0.038939, -0.022482, 0.058795, 0.22802, -0.0, -0.038939, -0.067445, 1.0, 0.68486, -0.0, 0.0, 0.0, 0.058795, 0.22802, -0.0, -0.077879, 0.0], [0.096401, 0.432566, 0.736942, -0.069717, -0.170772, -0.098595, -0.177152, -0.433931, -0.25053, -0.026154, 0.036987, 0.021355, 0.0302, 0.052308, 0.22802, 0.503402, -0.121736, -0.074548, -0.04304, 0.22802, 0.503402, 0.0, -0.074548, -0.129121, 0.68486, 1.0, 0.0, 0.0, 0.0, 0.22802, 0.503402, 0.0, -0.149096, 0.0], [0.035362, 0.119736, 0.081503, 0.153157, -0.173106, -0.099943, 0.258078, -0.084319, -0.048682, -0.250438, -0.260542, -0.150424, 0.088416, 0.15314, 0.063588, 0.121736, -0.074542, -0.055898, -0.032272, -0.0, 0.0, 0.016738, 0.0, 0.0, -0.0, 0.0, 1.0, 0.0, 0.0, -0.0, 0.0, 0.016738, 0.0, 0.0], [0.086618, 0.293292, 0.19964, -0.173106, -0.200193, -0.244808, -0.084319, 0.085962, -0.119245, 0.025385, 0.114673, 0.15314, -0.152255, 0.162173, 0.038939, 0.074548, -0.055898, -0.017492, -0.019763, 0.038939, 0.074548, 0.0, -0.017492, -0.059288, 0.0, 0.0, 0.0, 1.0, 0.0, 0.077879, 0.149096, 0.0, -0.120182, 0.0], [0.050009, 0.169332, 0.115262, -0.099943, -0.244808, 0.082487, -0.048682, -0.119245, 0.223655, 0.014656, 0.15314, -0.062158, 0.337982, -0.152255, 0.022482, 0.04304, -0.032272, -0.019763, 0.005328, 0.067445, 0.129121, 0.0, -0.059288, -0.085952, 0.0, 0.0, 0.0, 0.0, 1.0, 0.0, 0.0, 0.0, -0.0, 0.016738], [0.057501, 0.315985, 0.460483, -0.131902, 0.323093, -0.186538, -0.187951, 0.460384, -0.265803, -0.134957, -0.190859, 0.110192, 0.155835, -0.269915, 0.058795, 0.22802, -0.063588, 0.038939, -0.022482, 0.058795, 0.22802, -0.0, 0.038939, -0.067445, 0.058795, 0.22802, -0.0, 0.077879, 0.0, 1.0, 0.68486, -0.0, -0.0, 0.0], [0.096401, 0.432566, 0.736942, -0.069717, 0.170772, -0.098595, -0.177152, 0.433931, -0.25053, -0.026154, -0.036987, 0.021355, 0.0302, -0.052308, 0.22802, 0.503402, -0.121736, 0.074548, -0.04304, 0.22802, 0.503402, 0.0, 0.074548, -0.129121, 0.22802, 0.503402, 0.0, 0.149096, 0.0, 0.68486, 1.0, 0.0, -0.0, 0.0], [0.035362, 0.119736, 0.081503, 0.153157, 0.173106, -0.099943, 0.258078, 0.084319, -0.048682, -0.250438, 0.260542, -0.150424, 0.088416, -0.15314, 0.063588, 0.121736, -0.074542, 0.055898, -0.032272, -0.0, 0.0, 0.016738, 0.0, 0.0, -0.0, 0.0, 0.016738, 0.0, 0.0, -0.0, 0.0, 1.0, 0.0, 0.0], [-0.086618, -0.293292, -0.19964, 0.173106, -0.200193, 0.244808, 0.084319, 0.085962, 0.119245, -0.025385, 0.114673, -0.15314, 0.152255, 0.162173, -0.038939, -0.074548, 0.055898, -0.017492, 0.019763, -0.038939, -0.074548, 0.0, -0.017492, 0.059288, -0.077879, -0.149096, 0.0, -0.120182, -0.0, -0.0, -0.0, 0.0, 1.0, 0.0], [0.050009, 0.169332, 0.115262, -0.099943, 0.244808, 0.082487, -0.048682, 0.119245, 0.223655, 0.014656, -0.15314, -0.062158, 0.337982, 0.152255, 0.022482, 0.04304, -0.032272, 0.019763, 0.005328, 0.067445, 0.129121, 0.0, 0.059288, -0.085952, 0.0, 0.0, 0.0, 0.0, 0.016738, 0.0, 0.0, 0.0, 0.0, 1.0]]],
"h":[[[-13.82420965870988, 2.9820226456837213, -2.6157785819670965, 0.0, 0.0, 0.0, 0.0, -0.0, 0.0, 0.0, -0.0, 0.0, 0.0, 0.0, -0.7889596574244768, -1.3233961002482912, 1.4646589694592376, 0.0, 0.0, -0.7889596574244768, -1.3233961002482912, -0.4882208596692988, 0.0, 1.380893837746845, -0.7889596574244768, -1.3233961002482912, -0.4882208596692988, -1.1958888857201324, -0.6904469188734225, -0.7889596574244768, -1.3233961002482912, -0.4882208596692988, 1.1958888857201324, -0.6904469188734225], [2.9820226456837213, -3.67234265870988, -2.2096283071083858, -0.0, 0.0, -0.0, 0.0, 0.0, 0.0, -0.0, 0.0, 0.0, 0.0, 0.0, -1.1536742329224414, -1.467484025103498, 0.8523917545978587, 0.0, -0.0, -1.1536742329224414, -1.467484025103498, -0.2841309181992862, 0.0, 0.8036411869533229, -1.1536742329224414, -1.467484025103498, -0.2841309181992862, -0.6959747452103381, -0.4018200934766615, -1.1536742329224414, -1.467484025103498, -0.2841309181992862, 0.6959747452103381, -0.4018200934766615], [-2.6157785819670965, -2.2096283071083858, -3.77782165870988, -0.0, -0.0, -0.0, 0.0, 0.0, 0.0, -0.0, -0.0, -0.0, 0.0, 0.0, -1.7720807950087019, -2.6584710076469764, 1.1030155234438355, 0.0, 0.0, -1.7720807950087019, -2.6584710076469764, -0.36767304433083137, 0.0, 1.0399315950004364, -1.7720807950087019, -2.6584710076469764, -0.36767304433083137, -0.9006082942248406, -0.5199657975002182, -1.7720807950087019, -2.6584710076469764, -0.36767304433083137, 0.9006082942248406, -0.5199657975002182], [0.0, -0.0, -0.0, -2.69584365870988, 0.0, -0.0, -1.8521604365481974, 0.0, 0.0, -0.219611, 0.0, 0.0, -0.0, 0.0, -1.4992146710921106, -0.7978043210664889, 1.0425623953148475, 0.0, 0.0, 0.4997366871811506, 0.26593390383927673, -0.5040336439220291, 0.0, -0.5468036336462244, 0.49973768718115064, 0.26593390383927673, -0.5040336439220291, 0.4735475301146325, 0.27340312159744157, 0.49973768718115064, 0.26593390383927673, -0.5040336439220291, -0.4735475301146325, 0.27340312159744157], [0.0, 0.0, -0.0, 0.0, -2.69584365870988, 0.0, -0.0, -1.8521604365481974, 0.0, 0.0, 0.126792, 0.0, 0.0, 0.179311, 0.0, -0.0, -0.0, -0.6973584476330563, -0.0, 0.0, 0.0, 0.0, -0.6973584476330563, 0.0, 1.2241019047885513, 0.6514048435452037, 0.4735475301146325, 0.4625873746331071, 0.6696943880414483, -1.2241019047885513, -0.6514048435452037, -0.4735475301146325, 0.4625873746331071, -0.6696943880414483], [0.0, -0.0, -0.0, -0.0, 0.0, -2.69584365870988, -0.0, -0.0, -1.8521604365481974, 0.0, 0.0, 0.126792, 0.179311, 0.0, 0.0, 0.0, 0.0, 0.0, -0.6973584476330563, -1.4134719753968474, -0.7521759000110013, -0.5468036336462244, 0.0, 0.8492385916038202, 0.7067359876984237, 0.37608745000550065, 0.27340312159744157, 0.6696943880414483, -0.3107098402110019, 0.7067359876984237, 0.37608745000550065, 0.27340312159744157, -0.6696943880414483, -0.3107098402110019], [0.0, 0.0, 0.0, -1.8521604365481974, -0.0, -0.0, -2.80976865870988, 0.0, -0.0, -0.225571, 0.0, 0.0, 0.0, 0.0, -1.8199278398595422, -1.5114046824146594, 0.1819040681849506, 0.0, 0.0, 0.6066422799531807, 0.5038027639877727, -0.6864490987425285, 0.0, -0.30700748605797007, 0.6066422799531807, 0.5038027639877727, -0.6864490987425285, 0.2658765333537584, 0.1535050478033144, 0.6066422799531807, 0.5038027639877727, -0.6864490987425285, -0.2658765333537584, 0.1535050478033144], [-0.0, 0.0, 0.0, 0.0, -1.8521604365481974, -0.0, 0.0, -2.80976865870988, -0.0, 0.0, 0.130233, -0.0, -0.0, 0.184178, 0.0, 0.0, -0.0, -0.7949925922212987, -0.0, 0.0, 0.0, -0.0, -0.7949925922212987, 0.0, 1.4859644496914894, 1.2340560590226373, 0.2658765333537584, -0.1437290218000187, 0.3760056298078597, -1.4859644496914894, -1.2340560590226373, -0.2658765333537584, -0.1437290218000187, -0.3760056298078597], [0.0, 0.0, 0.0, 0.0, 0.0, -1.8521604365481974, -0.0, -0.0, -2.80976865870988, 0.0, 0.0, 0.130233, 0.184178, 0.0, 0.0, 0.0, 0.0, 0.0, -0.7949925922212987, -1.7158421147134657, -1.4249670604818312, -0.30700748605797007, 0.0, 0.07335796515752169, 0.8579228621310624, 0.7124822254665862, 0.1535050478033144, 0.3760056298078597, -0.5779056052637582, 0.8579228621310624, 0.7124822254665862, 0.1535050478033144, -0.3760056298078597, -0.5779056052637582], [0.0, -0.0, -0.0, -0.219611, 0.0, 0.0, -0.225571, 0.0, 0.0, -1.4714236587098801, -0.0, 0.0, -0.0, 0.0, -1.0791421845491866, -0.3057674068596946, -0.0029133132063337563, 0.0, 0.0, 0.35971285833350924, 0.10192213561989821, 0.3835561469899849, 0.0, 0.136636090284104, 0.35971285833350924, 0.10192213561989821, 0.3835561469899849, -0.11833039270135032, -0.068318545142052, 0.35971285833350924, 0.10192213561989821, 0.3835561469899849, 0.11833039270135032, -0.068318545142052], [-0.0, 0.0, -0.0, 0.0, 0.126792, 0.0, 0.0, 0.130233, 0.0, -0.0, -1.33822165870988, 0.0, 0.0, -0.094188, 0.0, 0.0, -0.0, -0.7775049296610856, 0.0, 0.0, 0.0, 0.0, 0.2788321797365815, -0.0, -0.5087138474527091, -0.14413937623970233, 0.49956602663758953, -0.08198977334023808, -0.20831928159483104, 0.5087138474527091, 0.14413937623970233, -0.49956602663758953, -0.08198977334023808, 0.20831928159483104], [0.0, 0.0, -0.0, 0.0, 0.0, 0.126792, 0.0, -0.0, 0.130233, 0.0, 0.0, -1.33822165870988, -0.094188, -0.0, 0.0, 0.0, -0.0, -0.0, -0.7775049296610856, 0.5874123811497769, 0.16643721366484027, -0.57684949487555, -0.0, -0.2022646275487308, -0.29370438580055913, -0.08321991160674949, 0.288424747437775, -0.20831928159483104, 0.1585573255280887, -0.29370438580055913, -0.08321991160674949, 0.288424747437775, 0.20831928159483104, 0.1585573255280887], [0.0, 0.0, 0.0, -0.0, 0.0, 0.179311, 0.0, -0.0, 0.184178, -0.0, 0.0, -0.094188, -1.4048226587098802, -0.0, 0.0, 0.0, -0.0, -0.0, 0.020856, 0.830724640008767, 0.23537973898607678, 0.24054709886832681, -0.0, 0.08742604021493461, -0.41536101523005414, -0.11768936949303839, -0.12027485420849277, 0.35226083103187283, -0.5227084747680828, -0.41536101523005414, -0.11768936949303839, -0.12027485420849277, -0.35226083103187283, -0.5227084747680828], [0.0, 0.0, 0.0, 0.0, 0.179311, 0.0, 0.0, 0.184178, 0.0, 0.0, -0.094188, -0.0, -0.0, -1.4048226587098802, 0.0, 0.0, -0.0, 0.020856, 0.0, 0.0, 0.0, 0.0, -0.7260852400633161, -0.0, -0.7194283262156773, -0.20384427123979643, -0.20831928159483104, -0.11595333462895746, 0.35226083103187283, 0.7194283262156773, 0.20384427123979643, 0.20831928159483104, -0.11595333462895746, -0.35226083103187283], [-0.7889596574244768, -1.1536742329224414, -1.7720807950087019, -1.4992146710921106, 0.0, 0.0, -1.8199278398595422, 0.0, 0.0, -1.0791421845491866, 0.0, 0.0, 0.0, 0.0, -2.97056265870988, -2.3499794944040486, 0.414365, 0.0, 0.0, -0.3086974133888474, -0.9065822851590268, -0.3241289801100439, 0.0, 0.25710913634157234, -0.3086974133888474, -0.9065822851590268, -0.3241289801100439, -0.22266321522150404, -0.12855587294511553, -0.3086974133888474, -0.9065822851590268, -0.3241289801100439, 0.22266321522150404, -0.12855587294511553], [-1.3233961002482912, -1.467484025103498, -2.6584710076469764, -0.7978043210664889, -0.0, 0.0, -1.5114046824146594, 0.0, 0.0, -0.3057674068596946, 0.0, 0.0, 0.0, 0.0, -2.3499794944040486, -3.1133276587098804, 0.403058, 0.0, 0.0, -0.9065822851590268, -1.7534040138918712, -0.443557015516706, 0.0, 0.4623525580904052, -0.9065822851590268, -1.7534040138918712, -0.443557015516706, -0.40040863340950417, -0.23117497427087325, -0.9065822851590268, -1.7534040138918712, -0.443557015516706, 0.40040863340950417, -0.23117497427087325], [1.4646589694592376, 0.8523917545978587, 1.1030155234438355, 1.0425623953148475, -0.0, 0.0, 0.1819040681849506, -0.0, 0.0, -0.0029133132063337563, -0.0, -0.0, -0.0, -0.0, 0.414365, 0.403058, -1.5985466587098802, -0.0, -0.0, 0.3504499801100439, 0.583761015516706, 0.3462259761175519, -0.0, -0.3743023181764292, 0.3504489801100439, 0.583761015516706, 0.3462259761175519, 0.32415655092456486, 0.18715035431388527, 0.3504489801100439, 0.583761015516706, 0.3462259761175519, -0.32415655092456486, 0.18715035431388527], [0.0, 0.0, 0.0, 0.0, -0.6973584476330563, 0.0, 0.0, -0.7949925922212987, 0.0, 0.0, -0.7775049296610856, -0.0, -0.0, 0.020856, 0.0, 0.0, -0.0, -1.1899746587098803, -0.0, 0.0, 0.0, 0.0, -0.09242062544948598, -0.0, 0.19042721522150402, 0.22869463340950416, 0.22207255092456488, 0.06931722513815322, 0.09338051014208336, -0.19042721522150402, -0.22869463340950416, -0.22207255092456488, 0.06931722513815322, -0.09338051014208336], [0.0, -0.0, 0.0, 0.0, -0.0, -0.6973584476330563, 0.0, -0.0, -0.7949925922212987, 0.0, 0.0, -0.7775049296610856, 0.020856, 0.0, 0.0, 0.0, -0.0, -0.0, -1.1899746587098803, -0.21988713634157236, -0.2640745580904052, -0.25642631817642925, 0.0, 0.12323017533403297, 0.10994487294511553, 0.13203597427087324, 0.12821135431388525, 0.09338051014208336, -0.03850867525360624, 0.10994487294511553, 0.13203597427087324, 0.12821135431388525, -0.09338051014208336, -0.03850867525360624], [-0.7889596574244768, -1.1536742329224414, -1.7720807950087019, 0.4997366871811506, 0.0, -1.4134719753968474, 0.6066422799531807, 0.0, -1.7158421147134657, 0.35971285833350924, 0.0, 0.5874123811497769, 0.830724640008767, 0.0, -0.3086974133888474, -0.9065822851590268, 0.3504499801100439, 0.0, -0.21988713634157236, -2.97056265870988, -2.3499794944040486, -0.138122, 0.0, 0.390667, -0.3086974133888474, -0.9065822851590268, -0.01316, -0.22266321522150404, -0.3484430092866879, -0.3086974133888474, -0.9065822851590268, -0.01316, 0.22266321522150404, -0.3484430092866879], [-1.3233961002482912, -1.467484025103498, -2.6584710076469764, 0.26593390383927673, 0.0, -0.7521759000110013, 0.5038027639877727, 0.0, -1.4249670604818312, 0.10192213561989821, 0.0, 0.16643721366484027, 0.23537973898607678, 0.0, -0.9065822851590268, -1.7534040138918712, 0.583761015516706, 0.0, -0.2640745580904052, -2.3499794944040486, -3.1133276587098804, -0.134353, 0.0, 0.380007, -0.9065822851590268, -1.7534040138918712, -0.070102, -0.40040863340950417, -0.4952495323612785, -0.9065822851590268, -1.7534040138918712, -0.070102, 0.40040863340950417, -0.4952495323612785], [-0.4882208596692988, -0.2841309181992862, -0.36767304433083137, -0.5040336439220291, 0.0, -0.5468036336462244, -0.6864490987425285, -0.0, -0.30700748605797007, 0.3835561469899849, 0.0, -0.57684949487555, 0.24054709886832681, 0.0, -0.3241289801100439, -0.443557015516706, 0.3462259761175519, 0.0, -0.25642631817642925, -0.138122, -0.134353, -1.2353706587098803, 0.0, 0.128402, -0.01316, -0.070102, -0.09486962544948598, -0.020012, -0.027738, -0.01316, -0.070102, -0.09486962544948598, 0.020012, -0.027738], [0.0, 0.0, 0.0, 0.0, -0.6973584476330563, 0.0, 0.0, -0.7949925922212987, 0.0, 0.0, 0.2788321797365815, -0.0, -0.0, -0.7260852400633161, 0.0, 0.0, -0.0, -0.09242062544948598, 0.0, 0.0, 0.0, 0.0, -1.1899736587098801, -0.0, 0.19042721522150402, 0.22869363340950416, 0.014016, 0.06931722513815322, 0.24049692087759136, -0.19042721522150402, -0.22869363340950416, -0.014016, 0.06931722513815322, -0.24049692087759136], [1.380893837746845, 0.8036411869533229, 1.0399315950004364, -0.5468036336462244, 0.0, 0.8492385916038202, -0.30700748605797007, 0.0, 0.07335796515752169, 0.136636090284104, -0.0, -0.2022646275487308, 0.08742604021493461, -0.0, 0.25710913634157234, 0.4623525580904052, -0.3743023181764292, -0.0, 0.12323017533403297, 0.390667, 0.380007, 0.128402, -0.0, -1.55314965870988, 0.36705400928668785, 0.5943885323612785, 0.0312, 0.3367429208775914, 0.4025869263134316, 0.36705400928668785, 0.5943885323612785, 0.0312, -0.3367429208775914, 0.4025869263134316], [-0.7889596574244768, -1.1536742329224414, -1.7720807950087019, 0.49973768718115064, 1.2241019047885513, 0.7067359876984237, 0.6066422799531807, 1.4859644496914894, 0.8579228621310624, 0.35971285833350924, -0.5087138474527091, -0.29370438580055913, -0.41536101523005414, -0.7194283262156773, -0.3086974133888474, -0.9065822851590268, 0.3504489801100439, 0.19042721522150402, 0.10994487294511553, -0.3086974133888474, -0.9065822851590268, -0.01316, 0.19042721522150402, 0.36705400928668785, -2.97056265870988, -2.3499794944040486, -0.138122, -0.338328, -0.195334, -0.3086974133888474, -0.9065822851590268, -0.01316, 0.4130930399916668, -0.018611], [-1.3233961002482912, -1.467484025103498, -2.6584710076469764, 0.26593390383927673, 0.6514048435452037, 0.37608745000550065, 0.5038027639877727, 1.2340560590226373, 0.7124822254665862, 0.10192213561989821, -0.14413937623970233, -0.08321991160674949, -0.11768936949303839, -0.20384427123979643, -0.9065822851590268, -1.7534040138918712, 0.583761015516706, 0.22869463340950416, 0.13203597427087324, -0.9065822851590268, -1.7534040138918712, -0.070102, 0.22869363340950416, 0.5943885323612785, -2.3499794944040486, -3.1133276587098804, -0.134353, -0.329096, -0.190003, -0.9065822851590268, -1.7534040138918712, -0.070102, 0.6291022668190083, -0.099139], [-0.4882208596692988, -0.2841309181992862, -0.36767304433083137, -0.5040336439220291, 0.4735475301146325, 0.27340312159744157, -0.6864490987425285, 0.2658765333537584, 0.1535050478033144, 0.3835561469899849, 0.49956602663758953, 0.288424747437775, -0.12027485420849277, -0.20831928159483104, -0.3241289801100439, -0.443557015516706, 0.3462259761175519, 0.22207255092456488, 0.12821135431388525, -0.01316, -0.070102, -0.09486962544948598, 0.014016, 0.0312, -0.138122, -0.134353, -1.2353706587098803, -0.111199, -0.064201, -0.01316, -0.070102, -0.09486962544948598, 0.034028, -0.003462], [-1.1958888857201324, -0.6959747452103381, -0.9006082942248406, 0.4735475301146325, 0.4625873746331071, 0.6696943880414483, 0.2658765333537584, -0.1437290218000187, 0.3760056298078597, -0.11833039270135032, -0.08198977334023808, -0.20831928159483104, 0.35226083103187283, -0.11595333462895746, -0.22266321522150404, -0.40040863340950417, 0.32415655092456486, 0.06931722513815322, 0.09338051014208336, -0.22266321522150404, -0.40040863340950417, -0.020012, 0.06931722513815322, 0.3367429208775914, -0.338328, -0.329096, -0.111199, -1.4623556587098803, -0.15726, -0.4130930399916668, -0.6291022668190083, -0.034028, 0.5692217769010708, -0.048123], [-0.6904469188734225, -0.4018200934766615, -0.5199657975002182, 0.27340312159744157, 0.6696943880414483, -0.3107098402110019, 0.1535050478033144, 0.3760056298078597, -0.5779056052637582, -0.068318545142052, -0.20831928159483104, 0.1585573255280887, -0.5227084747680828, 0.35226083103187283, -0.12855587294511553, -0.23117497427087325, 0.18715035431388527, 0.09338051014208336, -0.03850867525360624, -0.3484430092866879, -0.4952495323612785, -0.027738, 0.24049692087759136, 0.4025869263134316, -0.195334, -0.190003, -0.064201, -0.15726, -1.2807676587098802, -0.018611, -0.099139, -0.003462, 0.048123, -0.09731762544948597], [-0.7889596574244768, -1.1536742329224414, -1.7720807950087019, 0.49973768718115064, -1.2241019047885513, 0.7067359876984237, 0.6066422799531807, -1.4859644496914894, 0.8579228621310624, 0.35971285833350924, 0.5087138474527091, -0.29370438580055913, -0.41536101523005414, 0.7194283262156773, -0.3086974133888474, -0.9065822851590268, 0.3504489801100439, -0.19042721522150402, 0.10994487294511553, -0.3086974133888474, -0.9065822851590268, -0.01316, -0.19042721522150402, 0.36705400928668785, -0.3086974133888474, -0.9065822851590268, -0.01316, -0.4130930399916668, -0.018611, -2.97056265870988, -2.3499794944040486, -0.138122, 0.338328, -0.195334], [-1.3233961002482912, -1.467484025103498, -2.6584710076469764, 0.26593390383927673, -0.6514048435452037, 0.37608745000550065, 0.5038027639877727, -1.2340560590226373, 0.7124822254665862, 0.10192213561989821, 0.14413937623970233, -0.08321991160674949, -0.11768936949303839, 0.20384427123979643, -0.9065822851590268, -1.7534040138918712, 0.583761015516706, -0.22869463340950416, 0.13203597427087324, -0.9065822851590268, -1.7534040138918712, -0.070102, -0.22869363340950416, 0.5943885323612785, -0.9065822851590268, -1.7534040138918712, -0.070102, -0.6291022668190083, -0.099139, -2.3499794944040486, -3.1133276587098804, -0.134353, 0.329096, -0.190003], [-0.4882208596692988, -0.2841309181992862, -0.36767304433083137, -0.5040336439220291, -0.4735475301146325, 0.27340312159744157, -0.6864490987425285, -0.2658765333537584, 0.1535050478033144, 0.3835561469899849, -0.49956602663758953, 0.288424747437775, -0.12027485420849277, 0.20831928159483104, -0.3241289801100439, -0.443557015516706, 0.3462259761175519, -0.22207255092456488, 0.12821135431388525, -0.01316, -0.070102, -0.09486962544948598, -0.014016, 0.0312, -0.01316, -0.070102, -0.09486962544948598, -0.034028, -0.003462, -0.138122, -0.134353, -1.2353706587098803, 0.111199, -0.064201], [1.1958888857201324, 0.6959747452103381, 0.9006082942248406, -0.4735475301146325, 0.4625873746331071, -0.6696943880414483, -0.2658765333537584, -0.1437290218000187, -0.3760056298078597, 0.11833039270135032, -0.08198977334023808, 0.20831928159483104, -0.35226083103187283, -0.11595333462895746, 0.22266321522150404, 0.40040863340950417, -0.32415655092456486, 0.06931722513815322, -0.09338051014208336, 0.22266321522150404, 0.40040863340950417, 0.020012, 0.06931722513815322, -0.3367429208775914, 0.4130930399916668, 0.6291022668190083, 0.034028, 0.5692217769010708, 0.048123, 0.338328, 0.329096, 0.111199, -1.4623556587098803, 0.15726], [-0.6904469188734225, -0.4018200934766615, -0.5199657975002182, 0.27340312159744157, -0.6696943880414483, -0.3107098402110019, 0.1535050478033144, -0.3760056298078597, -0.5779056052637582, -0.068318545142052, 0.20831928159483104, 0.1585573255280887, -0.5227084747680828, -0.35226083103187283, -0.12855587294511553, -0.23117497427087325, 0.18715035431388527, -0.09338051014208336, -0.03850867525360624, -0.3484430092866879, -0.4952495323612785, -0.027738, -0.24049692087759136, 0.4025869263134316, -0.018611, -0.099139, -0.003462, -0.048123, -0.09731762544948597, -0.195334, -0.190003, -0.064201, 0.15726, -1.2807676587098802]]]}